ti              = 114.113
lambda          = 0.0379449


ti              = 227.938
lambda          = 0.018082